{
 "metadata": {
  "name": "Five Species Model"
 },
 "nbformat": 3,
 "nbformat_minor": 0,
 "worksheets": [
  {
   "cells": [
    {
     "cell_type": "code",
     "collapsed": false,
     "input": [
      "import pymc as pm\n",
      "import five_species_model"
     ],
     "language": "python",
     "metadata": {},
     "outputs": []
    },
    {
     "cell_type": "code",
     "collapsed": false,
     "input": [
      "M = pm.MCMC(five_species_model)"
     ],
     "language": "python",
     "metadata": {},
     "outputs": []
    },
    {
     "cell_type": "code",
     "collapsed": false,
     "input": [
      "M.sample(iter=100000, burn=10000, thin=100)\n",
      "M.sample(iter=100000, burn=10000, thin=100)\n",
      "M.sample(iter=100000, burn=10000, thin=100)\n",
      "M.sample(iter=100000, burn=10000, thin=100)"
     ],
     "language": "python",
     "metadata": {},
     "outputs": [
      {
       "output_type": "stream",
       "stream": "stdout",
       "text": [
        " \r",
        "[****************100%******************]  100000 of 100000 complete"
       ]
      },
      {
       "output_type": "stream",
       "stream": "stdout",
       "text": [
        "\n"
       ]
      }
     ],
     "prompt_number": 85
    },
    {
     "cell_type": "code",
     "collapsed": false,
     "input": [
      "M_MAP = pm.MAP(five_species_model)\n",
      "M_MAP.fit()"
     ],
     "language": "python",
     "metadata": {},
     "outputs": []
    },
    {
     "cell_type": "code",
     "collapsed": false,
     "input": [
      "from pylab import hist, show\n",
      "\n",
      "hist(M.trace('theta_B_CEAD')[:])\n",
      "show()"
     ],
     "language": "python",
     "metadata": {},
     "outputs": []
    },
    {
     "cell_type": "code",
     "collapsed": false,
     "input": [
      "pm.graph.graph(M,format='png',path='',name='graph_mine',prog='dot')"
     ],
     "language": "python",
     "metadata": {},
     "outputs": []
    },
    {
     "cell_type": "code",
     "collapsed": false,
     "input": [
      "from pymc.Matplot import plot\n",
      "plot(M)\n",
      "show()"
     ],
     "language": "python",
     "metadata": {},
     "outputs": [
      {
       "output_type": "stream",
       "stream": "stdout",
       "text": [
        "Plotting theta_B_0\n",
        "Plotting"
       ]
      },
      {
       "output_type": "stream",
       "stream": "stdout",
       "text": [
        " theta_B_1\n",
        "Plotting"
       ]
      },
      {
       "output_type": "stream",
       "stream": "stdout",
       "text": [
        " theta_B_2\n",
        "Plotting"
       ]
      },
      {
       "output_type": "stream",
       "stream": "stdout",
       "text": [
        " theta_B_3\n",
        "Plotting"
       ]
      },
      {
       "output_type": "stream",
       "stream": "stdout",
       "text": [
        " theta_AD_0\n",
        "Plotting"
       ]
      },
      {
       "output_type": "stream",
       "stream": "stdout",
       "text": [
        " theta_AD_1\n",
        "Plotting"
       ]
      },
      {
       "output_type": "stream",
       "stream": "stdout",
       "text": [
        " theta_AD_2\n",
        "Plotting"
       ]
      },
      {
       "output_type": "stream",
       "stream": "stdout",
       "text": [
        " theta_AD_3\n",
        "Plotting"
       ]
      },
      {
       "output_type": "stream",
       "stream": "stdout",
       "text": [
        " theta_A_0\n",
        "Plotting"
       ]
      },
      {
       "output_type": "stream",
       "stream": "stdout",
       "text": [
        " theta_A_1\n",
        "Plotting"
       ]
      },
      {
       "output_type": "stream",
       "stream": "stdout",
       "text": [
        " theta_A_2\n",
        "Plotting"
       ]
      },
      {
       "output_type": "stream",
       "stream": "stdout",
       "text": [
        " theta_A_3\n",
        "Plotting"
       ]
      },
      {
       "output_type": "stream",
       "stream": "stdout",
       "text": [
        " theta_CEAD_0\n",
        "Plotting"
       ]
      },
      {
       "output_type": "stream",
       "stream": "stdout",
       "text": [
        " theta_CEAD_1\n",
        "Plotting"
       ]
      },
      {
       "output_type": "stream",
       "stream": "stdout",
       "text": [
        " theta_CEAD_2\n",
        "Plotting"
       ]
      },
      {
       "output_type": "stream",
       "stream": "stdout",
       "text": [
        " theta_CEAD_3\n",
        "Plotting"
       ]
      },
      {
       "output_type": "stream",
       "stream": "stdout",
       "text": [
        " theta_C_0\n",
        "Plotting"
       ]
      },
      {
       "output_type": "stream",
       "stream": "stdout",
       "text": [
        " theta_C_1\n",
        "Plotting"
       ]
      },
      {
       "output_type": "stream",
       "stream": "stdout",
       "text": [
        " theta_C_2\n",
        "Plotting"
       ]
      },
      {
       "output_type": "stream",
       "stream": "stdout",
       "text": [
        " theta_C_3\n",
        "Plotting"
       ]
      },
      {
       "output_type": "stream",
       "stream": "stdout",
       "text": [
        " theta_D_0\n",
        "Plotting"
       ]
      },
      {
       "output_type": "stream",
       "stream": "stdout",
       "text": [
        " theta_D_1\n",
        "Plotting"
       ]
      },
      {
       "output_type": "stream",
       "stream": "stdout",
       "text": [
        " theta_D_2\n",
        "Plotting"
       ]
      },
      {
       "output_type": "stream",
       "stream": "stdout",
       "text": [
        " theta_D_3\n",
        "Plotting"
       ]
      },
      {
       "output_type": "stream",
       "stream": "stdout",
       "text": [
        " theta_CE_0\n",
        "Plotting"
       ]
      },
      {
       "output_type": "stream",
       "stream": "stdout",
       "text": [
        " theta_CE_1\n",
        "Plotting"
       ]
      },
      {
       "output_type": "stream",
       "stream": "stdout",
       "text": [
        " theta_CE_2\n",
        "Plotting"
       ]
      },
      {
       "output_type": "stream",
       "stream": "stdout",
       "text": [
        " theta_CE_3\n",
        "Plotting"
       ]
      },
      {
       "output_type": "stream",
       "stream": "stdout",
       "text": [
        " theta_E_0\n",
        "Plotting"
       ]
      },
      {
       "output_type": "stream",
       "stream": "stdout",
       "text": [
        " theta_E_1\n",
        "Plotting"
       ]
      },
      {
       "output_type": "stream",
       "stream": "stdout",
       "text": [
        " theta_E_2\n",
        "Plotting"
       ]
      },
      {
       "output_type": "stream",
       "stream": "stdout",
       "text": [
        " theta_E_3\n",
        "Plotting"
       ]
      },
      {
       "output_type": "stream",
       "stream": "stdout",
       "text": [
        " theta_B_CEAD_0\n",
        "Plotting"
       ]
      },
      {
       "output_type": "stream",
       "stream": "stdout",
       "text": [
        " theta_B_CEAD_1\n",
        "Plotting"
       ]
      },
      {
       "output_type": "stream",
       "stream": "stdout",
       "text": [
        " theta_B_CEAD_2\n",
        "Plotting"
       ]
      },
      {
       "output_type": "stream",
       "stream": "stdout",
       "text": [
        " theta_B_CEAD_3\n"
       ]
      }
     ],
     "prompt_number": 95
    },
    {
     "cell_type": "code",
     "collapsed": false,
     "input": [
      "M.stats()"
     ],
     "language": "python",
     "metadata": {},
     "outputs": [
      {
       "output_type": "pyout",
       "prompt_number": 94,
       "text": [
        "{'sigma_A': {'95% HPD interval': array([[[ 0.61684454,  1.24624397],\n",
        "        [ 0.49737513,  1.11028495],\n",
        "        [-0.11315709,  0.29186046],\n",
        "        [-0.06300531,  0.29819585]],\n",
        "\n",
        "       [[ 0.49737513,  1.11028495],\n",
        "        [ 0.80044203,  1.54436578],\n",
        "        [-0.06119973,  0.4248479 ],\n",
        "        [-0.00577719,  0.46064015]],\n",
        "\n",
        "       [[-0.11315709,  0.29186046],\n",
        "        [-0.06119973,  0.4248479 ],\n",
        "        [ 0.73629886,  1.53489676],\n",
        "        [ 0.53948163,  1.26835389]],\n",
        "\n",
        "       [[-0.06300531,  0.29819585],\n",
        "        [-0.00577719,  0.46064015],\n",
        "        [ 0.53948163,  1.26835389],\n",
        "        [ 0.80401298,  1.66984701]]]),\n",
        "  'mc error': array([[ 0.00608705,  0.00629535,  0.00971065,  0.01005964],\n",
        "       [ 0.00629535,  0.00712403,  0.01290477,  0.01406706],\n",
        "       [ 0.00971065,  0.01290477,  0.01104118,  0.01105   ],\n",
        "       [ 0.01005964,  0.01406706,  0.01105   ,  0.01285691]]),\n",
        "  'mean': array([[ 0.89636503,  0.78283235,  0.08282635,  0.145715  ],\n",
        "       [ 0.78283235,  1.13236589,  0.21847637,  0.27424499],\n",
        "       [ 0.08282635,  0.21847637,  1.11004798,  0.87856155],\n",
        "       [ 0.145715  ,  0.27424499,  0.87856155,  1.19616177]]),\n",
        "  'n': 5400,\n",
        "  'quantiles': {2.5: array([[ 0.6304649 ,  0.52097788, -0.11255741, -0.06095144],\n",
        "       [ 0.52097788,  0.81418199, -0.05830858,  0.00136005],\n",
        "       [-0.11255741, -0.05830858,  0.77249051,  0.57345885],\n",
        "       [-0.06095144,  0.00136005,  0.57345885,  0.83496706]]),\n",
        "   25: array([[ 0.78012434,  0.67138178,  0.0050716 ,  0.08074345],\n",
        "       [ 0.67138178,  0.99899671,  0.12101988,  0.15570111],\n",
        "       [ 0.0050716 ,  0.12101988,  0.961249  ,  0.7427101 ],\n",
        "       [ 0.08074345,  0.15570111,  0.7427101 ,  1.03524972]]),\n",
        "   50: array([[ 0.87937848,  0.76658151,  0.0810748 ,  0.17493647],\n",
        "       [ 0.76658151,  1.11135433,  0.24342396,  0.33561644],\n",
        "       [ 0.0810748 ,  0.24342396,  1.08308988,  0.85144372],\n",
        "       [ 0.17493647,  0.33561644,  0.85144372,  1.16705225]]),\n",
        "   75: array([[ 0.98991971,  0.87293362,  0.15733545,  0.20860492],\n",
        "       [ 0.87293362,  1.24525999,  0.3238315 ,  0.38112217],\n",
        "       [ 0.15733545,  0.3238315 ,  1.22597252,  0.99335102],\n",
        "       [ 0.20860492,  0.38112217,  0.99335102,  1.32583833]]),\n",
        "   97.5: array([[ 1.28059674,  1.14308292,  0.29284397,  0.30101478],\n",
        "       [ 1.14308292,  1.57654519,  0.42960046,  0.47066681],\n",
        "       [ 0.29284397,  0.42960046,  1.61257965,  1.33406593],\n",
        "       [ 0.30101478,  0.47066681,  1.33406593,  1.72468277]])},\n",
        "  'standard deviation': array([[ 0.16309974,  0.15981265,  0.10611793,  0.10148892],\n",
        "       [ 0.15981265,  0.19546693,  0.13117055,  0.14225223],\n",
        "       [ 0.10611793,  0.13117055,  0.21309013,  0.19304445],\n",
        "       [ 0.10148892,  0.14225223,  0.19304445,  0.22803383]])},\n",
        " 'sigma_AD': {'95% HPD interval': array([[[  0.85274244,   3.0903857 ],\n",
        "        [  1.71201265,   5.63799349],\n",
        "        [  1.72391877,   5.73971591],\n",
        "        [  2.25322368,   7.07133624]],\n",
        "\n",
        "       [[  1.71201265,   5.63799349],\n",
        "        [  3.6143077 ,  10.74529072],\n",
        "        [  3.68867545,  11.03231159],\n",
        "        [  4.90483512,  13.89717204]],\n",
        "\n",
        "       [[  1.72391877,   5.73971591],\n",
        "        [  3.68867545,  11.03231159],\n",
        "        [  3.82554412,  11.71334127],\n",
        "        [  4.95518604,  14.53456748]],\n",
        "\n",
        "       [[  2.25322368,   7.07133624],\n",
        "        [  4.90483512,  13.89717204],\n",
        "        [  4.95518604,  14.53456748],\n",
        "        [  6.56599625,  19.08679849]]]),\n",
        "  'mc error': array([[ 0.06893329,  0.12369169,  0.12043863,  0.15568978],\n",
        "       [ 0.12369169,  0.22860371,  0.22646436,  0.29163505],\n",
        "       [ 0.12043863,  0.22646436,  0.23850478,  0.30047203],\n",
        "       [ 0.15568978,  0.29163505,  0.30047203,  0.38741331]]),\n",
        "  'mean': array([[  1.67487658,   3.05540379,   2.9850743 ,   3.94507553],\n",
        "       [  3.05540379,   6.23455828,   6.24668482,   8.22113009],\n",
        "       [  2.9850743 ,   6.24668482,   6.84830527,   8.76869334],\n",
        "       [  3.94507553,   8.22113009,   8.76869334,  11.67281735]]),\n",
        "  'n': 5400,\n",
        "  'quantiles': {2.5: array([[ 0.90782212,  1.76695991,  1.72666379,  2.29494869],\n",
        "       [ 1.76695991,  3.76518446,  3.7041494 ,  4.97260295],\n",
        "       [ 1.72666379,  3.7041494 ,  3.90978543,  5.15652367],\n",
        "       [ 2.29494869,  4.97260295,  5.15652367,  6.95150841]]),\n",
        "   25: array([[ 1.10153472,  2.05826432,  2.04935811,  2.71902152],\n",
        "       [ 2.05826432,  4.46049359,  4.55735739,  5.95474618],\n",
        "       [ 2.04935811,  4.55735739,  5.11773449,  6.45333754],\n",
        "       [ 2.71902152,  5.95474618,  6.45333754,  8.61997413]]),\n",
        "   50: array([[ 1.42464458,  2.48217203,  2.42136246,  3.17490537],\n",
        "       [ 2.48217203,  4.97548184,  5.05196618,  6.67066451],\n",
        "       [ 2.42136246,  5.05196618,  5.7311678 ,  7.3038656 ],\n",
        "       [ 3.17490537,  6.67066451,  7.3038656 ,  9.84234823]]),\n",
        "   75: array([[  2.09934957,   3.9636836 ,   4.00586408,   5.33805432],\n",
        "       [  3.9636836 ,   8.1238705 ,   8.11055008,  10.91045928],\n",
        "       [  4.00586408,   8.11055008,   8.36418436,  11.33856105],\n",
        "       [  5.33805432,  10.91045928,  11.33856105,  15.41139413]]),\n",
        "   97.5: array([[  3.25926336,   5.76139042,   5.74704689,   7.1333389 ],\n",
        "       [  5.76139042,  10.99172617,  11.07478829,  14.02432259],\n",
        "       [  5.74704689,  11.07478829,  11.88892394,  15.04031208],\n",
        "       [  7.1333389 ,  14.02432259,  15.04031208,  19.60672527]])},\n",
        "  'standard deviation': array([[ 0.70014944,  1.2450901 ,  1.21179828,  1.56587055],\n",
        "       [ 1.2450901 ,  2.30745392,  2.27741406,  2.93403368],\n",
        "       [ 1.21179828,  2.27741406,  2.41839361,  3.03193881],\n",
        "       [ 1.56587055,  2.93403368,  3.03193881,  3.92793743]])},\n",
        " 'sigma_B': {'95% HPD interval': array([[[ 0.80677166,  1.63713279],\n",
        "        [ 0.21633583,  0.85250805],\n",
        "        [-0.06383999,  0.5253492 ],\n",
        "        [-0.05780146,  0.5745206 ]],\n",
        "\n",
        "       [[ 0.21633583,  0.85250805],\n",
        "        [ 0.70829449,  1.52917176],\n",
        "        [-0.17377035,  0.35386039],\n",
        "        [-0.03947077,  0.49293479]],\n",
        "\n",
        "       [[-0.06383999,  0.5253492 ],\n",
        "        [-0.17377035,  0.35386039],\n",
        "        [ 0.69189314,  1.50692322],\n",
        "        [ 0.44357386,  1.20743132]],\n",
        "\n",
        "       [[-0.05780146,  0.5745206 ],\n",
        "        [-0.03947077,  0.49293479],\n",
        "        [ 0.44357386,  1.20743132],\n",
        "        [ 0.81269636,  1.75477294]]]),\n",
        "  'mc error': array([[ 0.00648333,  0.00658647,  0.00786495,  0.00882378],\n",
        "       [ 0.00658647,  0.00871006,  0.00974148,  0.01290991],\n",
        "       [ 0.00786495,  0.00974148,  0.00850641,  0.00906383],\n",
        "       [ 0.00882378,  0.01290991,  0.00906383,  0.01136411]]),\n",
        "  'mean': array([[ 1.17599061,  0.51002326,  0.2097856 ,  0.25448228],\n",
        "       [ 0.51002326,  1.09689463,  0.08315317,  0.22476576],\n",
        "       [ 0.2097856 ,  0.08315317,  1.05823599,  0.81542252],\n",
        "       [ 0.25448228,  0.22476576,  0.81542252,  1.25304533]]),\n",
        "  'n': 5400,\n",
        "  'quantiles': {2.5: array([[ 0.81808991,  0.22839494, -0.06363246, -0.05382641],\n",
        "       [ 0.22839494,  0.75121382, -0.1749635 , -0.02567949],\n",
        "       [-0.06363246, -0.1749635 ,  0.71950279,  0.49251031],\n",
        "       [-0.05382641, -0.02567949,  0.49251031,  0.84759487]]),\n",
        "   25: array([[ 1.01988248,  0.39338799,  0.10915262,  0.1447911 ],\n",
        "       [ 0.39338799,  0.94354469, -0.00523946,  0.11562489],\n",
        "       [ 0.10915262, -0.00523946,  0.90905816,  0.67106424],\n",
        "       [ 0.1447911 ,  0.11562489,  0.67106424,  1.07196714]]),\n",
        "   50: array([[ 1.15168189,  0.4953489 ,  0.20394462,  0.24861731],\n",
        "       [ 0.4953489 ,  1.07538511,  0.08227254,  0.22249291],\n",
        "       [ 0.20394462,  0.08227254,  1.03335095,  0.79423559],\n",
        "       [ 0.24861731,  0.22249291,  0.79423559,  1.22574022]]),\n",
        "   75: array([[ 1.30544656,  0.61051728,  0.30136817,  0.36116583],\n",
        "       [ 0.61051728,  1.22097785,  0.16689327,  0.327431  ],\n",
        "       [ 0.30136817,  0.16689327,  1.17595942,  0.93247117],\n",
        "       [ 0.36116583,  0.327431  ,  0.93247117,  1.40183102]]),\n",
        "   97.5: array([[ 1.6780926 ,  0.87381413,  0.52631285,  0.57932485],\n",
        "       [ 0.87381413,  1.59763518,  0.35344954,  0.51353999],\n",
        "       [ 0.52631285,  0.35344954,  1.56662048,  1.2855491 ],\n",
        "       [ 0.57932485,  0.51353999,  1.2855491 ,  1.81779665]])},\n",
        "  'standard deviation': array([[ 0.21849191,  0.1654198 ,  0.14906024,  0.16208293],\n",
        "       [ 0.1654198 ,  0.2148304 ,  0.13405281,  0.14107766],\n",
        "       [ 0.14906024,  0.13405281,  0.21188588,  0.19876057],\n",
        "       [ 0.16208293,  0.14107766,  0.19876057,  0.2487527 ]])},\n",
        " 'sigma_B_CEAD': {'95% HPD interval': array([[[  0.94452642,   2.86052802],\n",
        "        [  1.89188781,   5.0972906 ],\n",
        "        [  2.87223769,   6.79125616],\n",
        "        [  3.8164927 ,   8.96125517]],\n",
        "\n",
        "       [[  1.89188781,   5.0972906 ],\n",
        "        [  4.77085342,  12.3432295 ],\n",
        "        [  7.39897399,  15.55322345],\n",
        "        [ 10.18614696,  20.32979865]],\n",
        "\n",
        "       [[  2.87223769,   6.79125616],\n",
        "        [  7.39897399,  15.55322345],\n",
        "        [ 10.80548753,  21.6128672 ],\n",
        "        [ 14.81422874,  27.91659289]],\n",
        "\n",
        "       [[  3.8164927 ,   8.96125517],\n",
        "        [ 10.18614696,  20.32979865],\n",
        "        [ 14.81422874,  27.91659289],\n",
        "        [ 19.10001638,  36.73185353]]]),\n",
        "  'mc error': array([[ 0.04700062,  0.08522045,  0.10045138,  0.13292628],\n",
        "       [ 0.08522045,  0.20044853,  0.22074207,  0.28808667],\n",
        "       [ 0.10045138,  0.22074207,  0.28823382,  0.35735663],\n",
        "       [ 0.13292628,  0.28808667,  0.35735663,  0.46745755]]),\n",
        "  'mean': array([[  2.04501716,   3.79544126,   5.05678098,   6.70128925],\n",
        "       [  3.79544126,   8.20954201,  10.68801923,  14.21388803],\n",
        "       [  5.05678098,  10.68801923,  15.56154699,  20.40261696],\n",
        "       [  6.70128925,  14.21388803,  20.40261696,  27.19785351]]),\n",
        "  'n': 5400,\n",
        "  'quantiles': {2.5: array([[  0.95251682,   1.93976051,   2.80451336,   3.76634388],\n",
        "       [  1.93976051,   4.79129179,   7.08834121,   9.57338779],\n",
        "       [  2.80451336,   7.08834121,  10.89318259,  14.84847024],\n",
        "       [  3.76634388,   9.57338779,  14.84847024,  19.66974384]]),\n",
        "   25: array([[  1.78552819,   3.30330784,   4.37763304,   5.84231416],\n",
        "       [  3.30330784,   6.83253569,   9.1088923 ,  12.02387949],\n",
        "       [  4.37763304,   9.1088923 ,  13.31945818,  17.5324789 ],\n",
        "       [  5.84231416,  12.02387949,  17.5324789 ,  23.43573142]]),\n",
        "   50: array([[  2.0584831 ,   3.74119541,   5.18177907,   6.82526578],\n",
        "       [  3.74119541,   7.8746295 ,  10.09706306,  13.57878056],\n",
        "       [  5.18177907,  10.09706306,  14.89177556,  19.44521861],\n",
        "       [  6.82526578,  13.57878056,  19.44521861,  26.12410272]]),\n",
        "   75: array([[  2.38249715,   4.56129824,   5.84471451,   7.63989182],\n",
        "       [  4.56129824,   9.33666966,  12.31417886,  16.28768203],\n",
        "       [  5.84471451,  12.31417886,  17.63390944,  23.14287256],\n",
        "       [  7.63989182,  16.28768203,  23.14287256,  31.05685967]]),\n",
        "   97.5: array([[  2.87007911,   5.19501139,   6.73926168,   8.9376538 ],\n",
        "       [  5.19501139,  12.3715466 ,  15.30112654,  19.89448604],\n",
        "       [  6.73926168,  15.30112654,  21.7384182 ,  27.96557056],\n",
        "       [  8.9376538 ,  19.89448604,  27.96557056,  37.48848471]])},\n",
        "  'standard deviation': array([[ 0.48293739,  0.86514735,  1.02064168,  1.35361251],\n",
        "       [ 0.86514735,  2.02619536,  2.22625697,  2.9096271 ],\n",
        "       [ 1.02064168,  2.22625697,  2.93860549,  3.61247499],\n",
        "       [ 1.35361251,  2.9096271 ,  3.61247499,  4.77188593]])},\n",
        " 'sigma_C': {'95% HPD interval': array([[[ 0.75372785,  1.55361845],\n",
        "        [ 0.5314407 ,  1.25254258],\n",
        "        [-0.19278073,  0.31820488],\n",
        "        [ 0.0978948 ,  0.70161881]],\n",
        "\n",
        "       [[ 0.5314407 ,  1.25254258],\n",
        "        [ 0.70953704,  1.511512  ],\n",
        "        [-0.16092851,  0.3990952 ],\n",
        "        [ 0.09669551,  0.68011184]],\n",
        "\n",
        "       [[-0.19278073,  0.31820488],\n",
        "        [-0.16092851,  0.3990952 ],\n",
        "        [ 0.88255151,  1.75689374],\n",
        "        [-0.07343868,  0.51947623]],\n",
        "\n",
        "       [[ 0.0978948 ,  0.70161881],\n",
        "        [ 0.09669551,  0.68011184],\n",
        "        [-0.07343868,  0.51947623],\n",
        "        [ 0.68335582,  1.39679244]]]),\n",
        "  'mc error': array([[ 0.00813436,  0.00724612,  0.01619906,  0.00691069],\n",
        "       [ 0.00724612,  0.00769456,  0.01416675,  0.00610262],\n",
        "       [ 0.01619906,  0.01416675,  0.00686144,  0.0079953 ],\n",
        "       [ 0.00691069,  0.00610262,  0.0079953 ,  0.00564501]]),\n",
        "  'mean': array([[ 1.11694454,  0.86973397,  0.0734789 ,  0.3768919 ],\n",
        "       [ 0.86973397,  1.09155024,  0.13987957,  0.38797575],\n",
        "       [ 0.0734789 ,  0.13987957,  1.29643659,  0.22742841],\n",
        "       [ 0.3768919 ,  0.38797575,  0.22742841,  1.01662975]]),\n",
        "  'n': 5400,\n",
        "  'quantiles': {2.5: array([[ 0.77763648,  0.55650858, -0.2014806 ,  0.104772  ],\n",
        "       [ 0.55650858,  0.74730791, -0.17245648,  0.11875158],\n",
        "       [-0.2014806 , -0.17245648,  0.90811579, -0.06158852],\n",
        "       [ 0.104772  ,  0.11875158, -0.06158852,  0.70732107]]),\n",
        "   25: array([[ 0.96419677,  0.73419571, -0.07006208,  0.27445802],\n",
        "       [ 0.73419571,  0.93933936,  0.02411153,  0.28564441],\n",
        "       [-0.07006208,  0.02411153,  1.1317848 ,  0.12510756],\n",
        "       [ 0.27445802,  0.28564441,  0.12510756,  0.87965817]]),\n",
        "   50: array([[ 1.09298897,  0.84768419,  0.07011059,  0.36441795],\n",
        "       [ 0.84768419,  1.06448007,  0.15479197,  0.3765163 ],\n",
        "       [ 0.07011059,  0.15479197,  1.2738135 ,  0.22292823],\n",
        "       [ 0.36441795,  0.3765163 ,  0.22292823,  0.99260579]]),\n",
        "   75: array([[ 1.24517682,  0.98530203,  0.24589656,  0.46903273],\n",
        "       [ 0.98530203,  1.21785292,  0.25653581,  0.48091857],\n",
        "       [ 0.24589656,  0.25653581,  1.43297887,  0.32780641],\n",
        "       [ 0.46903273,  0.48091857,  0.32780641,  1.13091569]]),\n",
        "   97.5: array([[ 1.59680117,  1.2884175 ,  0.31346678,  0.71391373],\n",
        "       [ 1.2884175 ,  1.55875582,  0.39157511,  0.71699166],\n",
        "       [ 0.31346678,  0.39157511,  1.8182244 ,  0.53679058],\n",
        "       [ 0.71391373,  0.71699166,  0.53679058,  1.44901616]])},\n",
        "  'standard deviation': array([[ 0.21306768,  0.18954754,  0.16449972,  0.15221256],\n",
        "       [ 0.18954754,  0.21193598,  0.15438947,  0.15068193],\n",
        "       [ 0.16449972,  0.15438947,  0.23326762,  0.15255439],\n",
        "       [ 0.15221256,  0.15068193,  0.15255439,  0.19254034]])},\n",
        " 'sigma_CE': {'95% HPD interval': array([[[ 0.30823669,  2.06267863],\n",
        "        [ 0.38422892,  3.15374838],\n",
        "        [-0.14358151,  1.13300412],\n",
        "        [-0.09076063,  1.2559253 ]],\n",
        "\n",
        "       [[ 0.38422892,  3.15374838],\n",
        "        [ 1.00498604,  5.76041754],\n",
        "        [-0.20955739,  2.13937004],\n",
        "        [-0.11202991,  2.24287375]],\n",
        "\n",
        "       [[-0.14358151,  1.13300412],\n",
        "        [-0.20955739,  2.13937004],\n",
        "        [ 0.15294678,  1.61484485],\n",
        "        [-0.08202999,  1.39652727]],\n",
        "\n",
        "       [[-0.09076063,  1.2559253 ],\n",
        "        [-0.11202991,  2.24287375],\n",
        "        [-0.08202999,  1.39652727],\n",
        "        [ 0.14045743,  1.7950649 ]]]),\n",
        "  'mc error': array([[ 0.04106314,  0.06552542,  0.03356848,  0.03441637],\n",
        "       [ 0.06552542,  0.11534793,  0.05800545,  0.05792872],\n",
        "       [ 0.03356848,  0.05800545,  0.0405665 ,  0.03444309],\n",
        "       [ 0.03441637,  0.05792872,  0.03444309,  0.03971225]]),\n",
        "  'mean': array([[ 1.0180121 ,  1.4747728 ,  0.42557707,  0.49428741],\n",
        "       [ 1.4747728 ,  2.99513267,  0.80544465,  0.81680373],\n",
        "       [ 0.42557707,  0.80544465,  0.72224391,  0.47199108],\n",
        "       [ 0.49428741,  0.81680373,  0.47199108,  0.74984076]]),\n",
        "  'n': 5400,\n",
        "  'quantiles': {2.5: array([[ 0.3842997 ,  0.4899162 , -0.08575124, -0.01961506],\n",
        "       [ 0.4899162 ,  1.20526868, -0.05555388, -0.0447484 ],\n",
        "       [-0.08575124, -0.05555388,  0.21120743, -0.00458179],\n",
        "       [-0.01961506, -0.0447484 , -0.00458179,  0.21168069]]),\n",
        "   25: array([[ 0.6609016 ,  0.93900165,  0.14788588,  0.23079135],\n",
        "       [ 0.93900165,  2.00266494,  0.38089109,  0.39110065],\n",
        "       [ 0.14788588,  0.38089109,  0.4234115 ,  0.20081148],\n",
        "       [ 0.23079135,  0.39110065,  0.20081148,  0.40146202]]),\n",
        "   50: array([[ 0.90950253,  1.30953793,  0.38874729,  0.42204589],\n",
        "       [ 1.30953793,  2.69924834,  0.65986959,  0.69870934],\n",
        "       [ 0.38874729,  0.65986959,  0.60069752,  0.36144227],\n",
        "       [ 0.42204589,  0.69870934,  0.36144227,  0.59735015]]),\n",
        "   75: array([[ 1.24423266,  1.80521099,  0.59193906,  0.65412973],\n",
        "       [ 1.80521099,  3.67363252,  1.109341  ,  1.07632263],\n",
        "       [ 0.59193906,  1.109341  ,  0.8819302 ,  0.6318718 ],\n",
        "       [ 0.65412973,  1.07632263,  0.6318718 ,  0.94853875]]),\n",
        "   97.5: array([[ 2.28869515,  3.47259594,  1.21274424,  1.40326326],\n",
        "       [ 3.47259594,  6.54010698,  2.36417846,  2.36071776],\n",
        "       [ 1.21274424,  2.36417846,  1.94691018,  1.55270703],\n",
        "       [ 1.40326326,  2.36071776,  1.55270703,  2.13521534]])},\n",
        "  'standard deviation': array([[ 0.48734995,  0.75031759,  0.34709454,  0.37924364],\n",
        "       [ 0.75031759,  1.36710184,  0.61346858,  0.62523382],\n",
        "       [ 0.34709454,  0.61346858,  0.46316791,  0.3995649 ],\n",
        "       [ 0.37924364,  0.62523382,  0.3995649 ,  0.50021787]])},\n",
        " 'sigma_CEAD': {'95% HPD interval': array([[[ 0.32843993,  1.49444033],\n",
        "        [ 0.59359164,  2.32469514],\n",
        "        [ 0.56259915,  2.20544636],\n",
        "        [ 0.68838392,  2.71569222]],\n",
        "\n",
        "       [[ 0.59359164,  2.32469514],\n",
        "        [ 1.22117511,  4.9712775 ],\n",
        "        [ 1.08053124,  4.75260141],\n",
        "        [ 1.33824316,  5.76819794]],\n",
        "\n",
        "       [[ 0.56259915,  2.20544636],\n",
        "        [ 1.08053124,  4.75260141],\n",
        "        [ 0.87995548,  6.17790299],\n",
        "        [ 1.40968835,  7.52081784]],\n",
        "\n",
        "       [[ 0.68838392,  2.71569222],\n",
        "        [ 1.33824316,  5.76819794],\n",
        "        [ 1.40968835,  7.52081784],\n",
        "        [ 1.55210929,  9.53517955]]]),\n",
        "  'mc error': array([[ 0.02613895,  0.04325713,  0.04435782,  0.05544478],\n",
        "       [ 0.04325713,  0.09836826,  0.10655346,  0.13189422],\n",
        "       [ 0.04435782,  0.10655346,  0.14642724,  0.17553039],\n",
        "       [ 0.05544478,  0.13189422,  0.17553039,  0.22269262]]),\n",
        "  'mean': array([[ 0.87548449,  1.52871797,  1.29161019,  1.64876275],\n",
        "       [ 1.52871797,  3.14003776,  2.69276711,  3.42363492],\n",
        "       [ 1.29161019,  2.69276711,  3.08634622,  3.78489467],\n",
        "       [ 1.64876275,  3.42363492,  3.78489467,  4.95898709]]),\n",
        "  'n': 5400,\n",
        "  'quantiles': {2.5: array([[ 0.35417621,  0.6269259 ,  0.57330217,  0.72765854],\n",
        "       [ 0.6269259 ,  1.36700263,  1.20847979,  1.50806242],\n",
        "       [ 0.57330217,  1.20847979,  1.13376311,  1.51456703],\n",
        "       [ 0.72765854,  1.50806242,  1.51456703,  1.92146877]]),\n",
        "   25: array([[ 0.69851747,  1.18351112,  0.90794533,  1.17919007],\n",
        "       [ 1.18351112,  2.27722728,  1.76852486,  2.20740987],\n",
        "       [ 0.90794533,  1.76852486,  1.88827102,  2.29457009],\n",
        "       [ 1.17919007,  2.20740987,  2.29457009,  3.00892273]]),\n",
        "   50: array([[ 0.8296605 ,  1.55263192,  1.23029992,  1.57679106],\n",
        "       [ 1.55263192,  3.13251005,  2.38219914,  3.3417453 ],\n",
        "       [ 1.23029992,  2.38219914,  2.70471588,  3.30054456],\n",
        "       [ 1.57679106,  3.3417453 ,  3.30054456,  4.47540331]]),\n",
        "   75: array([[ 1.02516946,  1.84237838,  1.64395471,  2.09083357],\n",
        "       [ 1.84237838,  3.91666008,  3.56242732,  4.42205141],\n",
        "       [ 1.64395471,  3.56242732,  4.01646583,  4.84349179],\n",
        "       [ 2.09083357,  4.42205141,  4.84349179,  6.33420881]]),\n",
        "   97.5: array([[  1.54277577,   2.36212868,   2.21957042,   2.76472284],\n",
        "       [  2.36212868,   5.15860056,   5.01504327,   5.98580143],\n",
        "       [  2.21957042,   5.01504327,   6.70049244,   7.70519242],\n",
        "       [  2.76472284,   5.98580143,   7.70519242,  10.12852733]])},\n",
        "  'standard deviation': array([[ 0.28533023,  0.44312155,  0.45766747,  0.56728463],\n",
        "       [ 0.44312155,  0.99944316,  1.08219611,  1.33480152],\n",
        "       [ 0.45766747,  1.08219611,  1.51092902,  1.78982946],\n",
        "       [ 0.56728463,  1.33480152,  1.78982946,  2.28470506]])},\n",
        " 'sigma_D': {'95% HPD interval': array([[[ 0.72841665,  1.46885868],\n",
        "        [ 0.53378381,  1.23226393],\n",
        "        [ 0.31080414,  0.97201181],\n",
        "        [ 0.33074956,  0.93235988]],\n",
        "\n",
        "       [[ 0.53378381,  1.23226393],\n",
        "        [ 0.74214008,  1.57143167],\n",
        "        [ 0.54120811,  1.29743655],\n",
        "        [ 0.43811912,  1.09245504]],\n",
        "\n",
        "       [[ 0.31080414,  0.97201181],\n",
        "        [ 0.54120811,  1.29743655],\n",
        "        [ 0.894862  ,  1.86079232],\n",
        "        [ 0.39938051,  1.07904268]],\n",
        "\n",
        "       [[ 0.33074956,  0.93235988],\n",
        "        [ 0.43811912,  1.09245504],\n",
        "        [ 0.39938051,  1.07904268],\n",
        "        [ 0.69931056,  1.44130571]]]),\n",
        "  'mc error': array([[ 0.01021893,  0.01093744,  0.01056924,  0.00918571],\n",
        "       [ 0.01093744,  0.01262617,  0.01264271,  0.01025623],\n",
        "       [ 0.01056924,  0.01264271,  0.01472877,  0.01036227],\n",
        "       [ 0.00918571,  0.01025623,  0.01036227,  0.01001378]]),\n",
        "  'mean': array([[ 1.07658772,  0.85875815,  0.62083046,  0.62169553],\n",
        "       [ 0.85875815,  1.13618796,  0.89616122,  0.74201658],\n",
        "       [ 0.62083046,  0.89616122,  1.34239249,  0.71901308],\n",
        "       [ 0.62169553,  0.74201658,  0.71901308,  1.06209932]]),\n",
        "  'n': 5400,\n",
        "  'quantiles': {2.5: array([[ 0.75391073,  0.54566473,  0.30706257,  0.34470372],\n",
        "       [ 0.54566473,  0.77529578,  0.55428216,  0.44595833],\n",
        "       [ 0.30706257,  0.55428216,  0.91675873,  0.40478696],\n",
        "       [ 0.34470372,  0.44595833,  0.40478696,  0.73712594]]),\n",
        "   25: array([[ 0.93728781,  0.73052321,  0.49924196,  0.51321296],\n",
        "       [ 0.73052321,  0.98108837,  0.75621542,  0.62375805],\n",
        "       [ 0.49924196,  0.75621542,  1.16613871,  0.60066252],\n",
        "       [ 0.51321296,  0.62375805,  0.60066252,  0.92362627]]),\n",
        "   50: array([[ 1.05523944,  0.84106833,  0.61509893,  0.61194786],\n",
        "       [ 0.84106833,  1.1109903 ,  0.88078094,  0.73072751],\n",
        "       [ 0.61509893,  0.88078094,  1.32227835,  0.70830783],\n",
        "       [ 0.61194786,  0.73072751,  0.70830783,  1.04109875]]),\n",
        "   75: array([[ 1.19745567,  0.97252475,  0.7328968 ,  0.7164115 ],\n",
        "       [ 0.97252475,  1.27356321,  1.02377156,  0.84712075],\n",
        "       [ 0.7328968 ,  1.02377156,  1.4888597 ,  0.82546914],\n",
        "       [ 0.7164115 ,  0.84712075,  0.82546914,  1.18030864]]),\n",
        "   97.5: array([[ 1.5230889 ,  1.25967413,  0.97136248,  0.95491819],\n",
        "       [ 1.25967413,  1.61007486,  1.32259994,  1.10554444],\n",
        "       [ 0.97136248,  1.32259994,  1.89613697,  1.08947776],\n",
        "       [ 0.95491819,  1.10554444,  1.08947776,  1.50499565]])},\n",
        "  'standard deviation': array([[ 0.19600174,  0.18142283,  0.16956048,  0.15602237],\n",
        "       [ 0.18142283,  0.21563549,  0.19673121,  0.16966222],\n",
        "       [ 0.16956048,  0.19673121,  0.25042646,  0.17533544],\n",
        "       [ 0.15602237,  0.16966222,  0.17533544,  0.19617341]])},\n",
        " 'sigma_E': {'95% HPD interval': array([[[ 0.68663182,  1.42351068],\n",
        "        [-0.3402531 ,  0.16843012],\n",
        "        [-0.24612691,  0.31276698],\n",
        "        [ 0.09004506,  0.70420191]],\n",
        "\n",
        "       [[-0.3402531 ,  0.16843012],\n",
        "        [ 0.48122773,  1.02903566],\n",
        "        [-0.20175173,  0.24060245],\n",
        "        [-0.08868003,  0.40594513]],\n",
        "\n",
        "       [[-0.24612691,  0.31276698],\n",
        "        [-0.20175173,  0.24060245],\n",
        "        [ 0.65745397,  1.37563154],\n",
        "        [ 0.02355188,  0.57448654]],\n",
        "\n",
        "       [[ 0.09004506,  0.70420191],\n",
        "        [-0.08868003,  0.40594513],\n",
        "        [ 0.02355188,  0.57448654],\n",
        "        [ 0.72411149,  1.54649084]]]),\n",
        "  'mc error': array([[ 0.00550825,  0.00678349,  0.00533077,  0.00548904],\n",
        "       [ 0.00678349,  0.00307525,  0.00657152,  0.00467677],\n",
        "       [ 0.00533077,  0.00657152,  0.00417168,  0.00599607],\n",
        "       [ 0.00548904,  0.00467677,  0.00599607,  0.00624053]]),\n",
        "  'mean': array([[ 1.03979365, -0.07100861,  0.02261492,  0.38819431],\n",
        "       [-0.07100861,  0.7378575 ,  0.01552373,  0.15233268],\n",
        "       [ 0.02261492,  0.01552373,  1.01398472,  0.28538133],\n",
        "       [ 0.38819431,  0.15233268,  0.28538133,  1.11523383]]),\n",
        "  'n': 5400,\n",
        "  'quantiles': {2.5: array([[ 0.72233429, -0.32312699, -0.25137636,  0.11161033],\n",
        "       [-0.32312699,  0.5002445 , -0.20170857, -0.08596043],\n",
        "       [-0.25137636, -0.20170857,  0.69873272,  0.02878478],\n",
        "       [ 0.11161033, -0.08596043,  0.02878478,  0.76856641]]),\n",
        "   25: array([[ 0.90063975, -0.15156184, -0.06874071,  0.27935126],\n",
        "       [-0.15156184,  0.63488811, -0.06054357,  0.06836067],\n",
        "       [-0.06874071, -0.06054357,  0.87652945,  0.187013  ],\n",
        "       [ 0.27935126,  0.06836067,  0.187013  ,  0.9601115 ]]),\n",
        "   50: array([[ 1.01462898, -0.06968677,  0.01983654,  0.37442851],\n",
        "       [-0.06968677,  0.72117732,  0.01408643,  0.14694159],\n",
        "       [ 0.01983654,  0.01408643,  0.99613438,  0.28009619],\n",
        "       [ 0.37442851,  0.14694159,  0.28009619,  1.08537648]]),\n",
        "   75: array([[ 1.15203957,  0.00860627,  0.11101341,  0.47897282],\n",
        "       [ 0.00860627,  0.82153978,  0.0892911 ,  0.23103184],\n",
        "       [ 0.11101341,  0.0892911 ,  1.13105917,  0.37629527],\n",
        "       [ 0.47897282,  0.23103184,  0.37629527,  1.2372392 ]]),\n",
        "   97.5: array([[ 1.49703981,  0.18688323,  0.30943851,  0.7477758 ],\n",
        "       [ 0.18688323,  1.06643324,  0.24123639,  0.40994476],\n",
        "       [ 0.30943851,  0.24123639,  1.43318169,  0.58216208],\n",
        "       [ 0.7477758 ,  0.40994476,  0.58216208,  1.62940467]])},\n",
        "  'standard deviation': array([[ 0.19940265,  0.1268117 ,  0.13937737,  0.1585001 ],\n",
        "       [ 0.1268117 ,  0.14630832,  0.11426933,  0.12607599],\n",
        "       [ 0.13937737,  0.11426933,  0.18984014,  0.14228928],\n",
        "       [ 0.1585001 ,  0.12607599,  0.14228928,  0.21747229]])},\n",
        " 'theta_A': {'95% HPD interval': array([[  4.72368817,   5.19214507],\n",
        "       [  9.67758119,  10.20974441],\n",
        "       [ 14.86125314,  15.39036188],\n",
        "       [ 19.93164982,  20.47232549]]),\n",
        "  'mc error': array([ 0.00304048,  0.00308504,  0.00249233,  0.00228729]),\n",
        "  'mean': array([  4.95681929,   9.95929091,  15.11810087,  20.19305963]),\n",
        "  'n': 5400,\n",
        "  'quantiles': {2.5: array([  4.72444194,   9.68820241,  14.85453557,  19.91509978]),\n",
        "   25: array([  4.87729458,   9.8696047 ,  15.02716869,  20.09966412]),\n",
        "   50: array([  4.95816937,   9.95863338,  15.11822228,  20.19412733]),\n",
        "   75: array([  5.03467608,  10.05010408,  15.20890525,  20.28580755]),\n",
        "   97.5: array([  5.1967985 ,  10.22219227,  15.38565656,  20.46258553])},\n",
        "  'standard deviation': array([ 0.11958463,  0.13544722,  0.13540322,  0.13976267])},\n",
        " 'theta_AD': {'95% HPD interval': array([[  5.87111436,   8.53613089],\n",
        "       [ 11.90063515,  17.0168216 ],\n",
        "       [ 17.18002518,  22.45273727],\n",
        "       [ 23.13761302,  29.99907671]]),\n",
        "  'mc error': array([ 0.03807042,  0.07588855,  0.07617762,  0.10146276]),\n",
        "  'mean': array([  7.19032205,  14.50499698,  19.88406573,  26.57928722]),\n",
        "  'n': 5400,\n",
        "  'quantiles': {2.5: array([  5.80018702,  11.83021206,  17.1579952 ,  23.02991268]),\n",
        "   25: array([  6.75931418,  13.70322218,  19.01973104,  25.45309082]),\n",
