{
 "metadata": {
  "name": "Model Generator"
 },
 "nbformat": 3,
 "nbformat_minor": 0,
 "worksheets": [
  {
   "cells": [
    {
     "cell_type": "code",
     "collapsed": false,
     "input": [
      "import os, sys, inspect\n",
      "# realpath() with make your script run, even if you symlink it :)\n",
      "cmd_folder = os.path.realpath(os.path.abspath(os.path.split(inspect.getfile( inspect.currentframe() ))[0]))\n",
      "if cmd_folder not in sys.path:\n",
      "    sys.path.insert(0, cmd_folder)\n",
      "\n",
      "# use this if you want to include modules from a subforder\n",
      "cmd_subfolder = os.path.realpath(os.path.abspath(os.path.join(os.path.split(inspect.getfile( inspect.currentframe() ))[0],\"../models\")))\n",
      "if cmd_subfolder not in sys.path:\n",
      "    sys.path.insert(0, cmd_subfolder)\n",
      "\n",
      "cmd_subfolder = os.path.realpath(os.path.abspath(os.path.join(os.path.split(inspect.getfile( inspect.currentframe() ))[0],\"../utils\")))\n",
      "if cmd_subfolder not in sys.path:\n",
      "    sys.path.insert(0, cmd_subfolder)"
     ],
     "language": "python",
     "metadata": {},
     "outputs": []
    },
    {
     "cell_type": "code",
     "collapsed": false,
     "input": [
      "import pymc as pm\n",
      "import model_generator"
     ],
     "language": "python",
     "metadata": {},
     "outputs": [],
     "prompt_number": 19
    },
    {
     "cell_type": "code",
     "collapsed": false,
     "input": [
      "M = pm.MCMC(model_generator)"
     ],
     "language": "python",
     "metadata": {},
     "outputs": [],
     "prompt_number": 20
    },
    {
     "cell_type": "code",
     "collapsed": false,
     "input": [
      "M.sample(iter=100000, burn=10000, thin=100)"
     ],
     "language": "python",
     "metadata": {},
     "outputs": [
      {
       "output_type": "stream",
       "stream": "stdout",
       "text": [
        " \r",
        "[****************100%******************]  100000 of 100000 complete"
       ]
      },
      {
       "output_type": "stream",
       "stream": "stdout",
       "text": [
        "\n"
       ]
      }
     ],
     "prompt_number": 30
    },
    {
     "cell_type": "code",
     "collapsed": false,
     "input": [
      "from pylab import hist, show\n",
      "\n",
      "hist(M.trace('theta_1')[:])\n",
      "show()"
     ],
     "language": "python",
     "metadata": {},
     "outputs": [],
     "prompt_number": 10
    },
    {
     "cell_type": "code",
     "collapsed": false,
     "input": [
      "pm.graph.graph(M,format='png',path='',name='graph_mine',prog='dot')"
     ],
     "language": "python",
     "metadata": {},
     "outputs": [
      {
       "output_type": "stream",
       "stream": "stdout",
       "text": [
        "Fontconfig warning: \"/etc/fonts/conf.d/50-user.conf\", line 9: reading configurations from ~/.fonts.conf is deprecated.\n",
        "\n"
       ]
      },
      {
       "output_type": "pyout",
       "prompt_number": 32,
       "text": [
        "<pydot.Dot at 0x132143d0>"
       ]
      }
     ],
     "prompt_number": 32
    },
    {
     "cell_type": "code",
     "collapsed": false,
     "input": [
      "from pymc.Matplot import plot\n",
      "from pylab import show\n",
      "plot(M)\n",
      "show()"
     ],
     "language": "python",
     "metadata": {},
     "outputs": [
      {
       "output_type": "stream",
       "stream": "stdout",
       "text": [
        "Plotting theta_6_0\n",
        "Plotting"
       ]
      },
      {
       "output_type": "stream",
       "stream": "stdout",
       "text": [
        " theta_6_1\n",
        "Plotting"
       ]
      },
      {
       "output_type": "stream",
       "stream": "stdout",
       "text": [
        " theta_6_2\n",
        "Plotting"
       ]
      },
      {
       "output_type": "stream",
       "stream": "stdout",
       "text": [
        " theta_6_3\n",
        "Plotting"
       ]
      },
      {
       "output_type": "stream",
       "stream": "stdout",
       "text": [
        " theta_0_0\n",
        "Plotting"
       ]
      },
      {
       "output_type": "stream",
       "stream": "stdout",
       "text": [
        " theta_0_1\n",
        "Plotting"
       ]
      },
      {
       "output_type": "stream",
       "stream": "stdout",
       "text": [
        " theta_0_2\n",
        "Plotting"
       ]
      },
      {
       "output_type": "stream",
       "stream": "stdout",
       "text": [
        " theta_0_3\n",
        "Plotting"
       ]
      },
      {
       "output_type": "stream",
       "stream": "stdout",
       "text": [
        " theta_8_0\n",
        "Plotting"
       ]
      },
      {
       "output_type": "stream",
       "stream": "stdout",
       "text": [
        " theta_8_1\n",
        "Plotting"
       ]
      },
      {
       "output_type": "stream",
       "stream": "stdout",
       "text": [
        " theta_8_2\n",
        "Plotting"
       ]
      },
      {
       "output_type": "stream",
       "stream": "stdout",
       "text": [
        " theta_8_3\n",
        "Plotting"
       ]
      },
      {
       "output_type": "stream",
       "stream": "stdout",
       "text": [
        " theta_1_0\n",
        "Plotting"
       ]
      },
      {
       "output_type": "stream",
       "stream": "stdout",
       "text": [
        " theta_1_1\n",
        "Plotting"
       ]
      },
      {
       "output_type": "stream",
       "stream": "stdout",
       "text": [
        " theta_1_2\n",
        "Plotting"
       ]
      },
      {
       "output_type": "stream",
       "stream": "stdout",
       "text": [
        " theta_1_3\n",
        "Plotting"
       ]
      },
      {
       "output_type": "stream",
       "stream": "stdout",
       "text": [
        " theta_2_0\n",
        "Plotting"
       ]
      },
      {
       "output_type": "stream",
       "stream": "stdout",
       "text": [
        " theta_2_1\n",
        "Plotting"
       ]
      },
      {
       "output_type": "stream",
       "stream": "stdout",
       "text": [
        " theta_2_2\n",
        "Plotting"
       ]
      },
      {
       "output_type": "stream",
       "stream": "stdout",
       "text": [
        " theta_2_3\n",
        "Plotting"
       ]
      },
      {
       "output_type": "stream",
       "stream": "stdout",
       "text": [
        " theta_7_0\n",
        "Plotting"
       ]
      },
      {
       "output_type": "stream",
       "stream": "stdout",
       "text": [
        " theta_7_1\n",
        "Plotting"
       ]
      },
      {
       "output_type": "stream",
       "stream": "stdout",
       "text": [
        " theta_7_2\n",
        "Plotting"
       ]
      },
      {
       "output_type": "stream",
       "stream": "stdout",
       "text": [
        " theta_7_3\n",
        "Plotting"
       ]
      },
      {
       "output_type": "stream",
       "stream": "stdout",
       "text": [
        " theta_5_0\n",
        "Plotting"
       ]
      },
      {
       "output_type": "stream",
       "stream": "stdout",
       "text": [
        " theta_5_1\n",
        "Plotting"
       ]
      },
      {
       "output_type": "stream",
       "stream": "stdout",
       "text": [
        " theta_5_2\n",
        "Plotting"
       ]
      },
      {
       "output_type": "stream",
       "stream": "stdout",
       "text": [
        " theta_5_3\n",
        "Plotting"
       ]
      },
      {
       "output_type": "stream",
       "stream": "stdout",
       "text": [
        " theta_4_0\n",
        "Plotting"
       ]
      },
      {
       "output_type": "stream",
       "stream": "stdout",
       "text": [
        " theta_4_1\n",
        "Plotting"
       ]
      },
      {
       "output_type": "stream",
       "stream": "stdout",
       "text": [
        " theta_4_2\n",
        "Plotting"
       ]
      },
      {
       "output_type": "stream",
       "stream": "stdout",
       "text": [
        " theta_4_3\n",
        "Plotting"
       ]
      },
      {
       "output_type": "stream",
       "stream": "stdout",
       "text": [
        " theta_3_0\n",
        "Plotting"
       ]
      },
      {
       "output_type": "stream",
       "stream": "stdout",
       "text": [
        " theta_3_1\n",
        "Plotting"
       ]
      },
      {
       "output_type": "stream",
       "stream": "stdout",
       "text": [
        " theta_3_2\n",
        "Plotting"
       ]
      },
      {
       "output_type": "stream",
       "stream": "stdout",
       "text": [
        " theta_3_3\n"
       ]
      }
     ],
     "prompt_number": 33
    },
    {
     "cell_type": "code",
     "collapsed": false,
     "input": [
      "M.stats()"
     ],
     "language": "python",
     "metadata": {},
     "outputs": [
      {
       "output_type": "pyout",
       "prompt_number": 34,
       "text": [
        "{'sigma_0': {'95% HPD interval': array([[[  3.73583307,  33.42237354],\n",
        "        [-12.60008919,   8.83243202],\n",
        "        [-32.09193112,  -1.69882261],\n",
        "        [ -4.59687543,  16.01018633]],\n",
        "\n",
        "       [[-12.60008919,   8.83243202],\n",
        "        [  0.93367111,  13.48985675],\n",
        "        [ -2.56364367,  20.24527606],\n",
        "        [ -8.92961509,   8.66340943]],\n",
        "\n",
        "       [[-32.09193112,  -1.69882261],\n",
        "        [ -2.56364367,  20.24527606],\n",
        "        [ 14.22890507,  67.94676498],\n",
        "        [-23.02060287,  10.32765922]],\n",
        "\n",
        "       [[ -4.59687543,  16.01018633],\n",
        "        [ -8.92961509,   8.66340943],\n",
        "        [-23.02060287,  10.32765922],\n",
        "        [  3.18602307,  25.94047351]]]),\n",
        "  'mc error': array([[ 0.78414045,  0.45574105,  0.73006626,  0.45992446],\n",
        "       [ 0.45574105,  0.36041023,  0.46096134,  0.35604125],\n",
        "       [ 0.73006626,  0.46096134,  1.39626803,  0.74126885],\n",
        "       [ 0.45992446,  0.35604125,  0.74126885,  0.58770496]]),\n",
        "  'mean': array([[ 15.74932029,  -0.93727402, -15.00675272,   5.34391903],\n",
        "       [ -0.93727402,   6.76518477,   7.89596189,  -0.91451883],\n",
        "       [-15.00675272,   7.89596189,  36.48749427,  -5.83735701],\n",
        "       [  5.34391903,  -0.91451883,  -5.83735701,  13.10140951]]),\n",
        "  'n': 1800,\n",
        "  'quantiles': {2.5: array([[  4.88820815, -10.43248239, -31.91607118,  -3.28648878],\n",
        "       [-10.43248239,   1.70745567,  -1.55744985,  -8.69989885],\n",
        "       [-31.91607118,  -1.55744985,  16.33772058, -26.22205937],\n",
        "       [ -3.28648878,  -8.69989885, -26.22205937,   3.62619123]]),\n",
        "   25: array([[  9.60157216,  -3.85077346, -20.29908253,   2.06107227],\n",
        "       [ -3.85077346,   3.82901784,   4.03457534,  -3.37893006],\n",
        "       [-20.29908253,   4.03457534,  24.47509819,  -9.38755968],\n",
        "       [  2.06107227,  -3.37893006,  -9.38755968,   8.12216457]]),\n",
        "   50: array([[ 13.52507911,  -1.30081863, -13.95376917,   4.62024183],\n",
        "       [ -1.30081863,   5.9558829 ,   7.16074044,  -1.24034456],\n",
        "       [-13.95376917,   7.16074044,  33.06599782,  -5.09788571],\n",
        "       [  4.62024183,  -1.24034456,  -5.09788571,  11.67742967]]),\n",
        "   75: array([[ 19.87127472,   1.35655063,  -9.0859578 ,   7.64946434],\n",
        "       [  1.35655063,   9.06435506,  10.57089761,   1.18653031],\n",
        "       [ -9.0859578 ,  10.57089761,  45.00990427,  -0.96511182],\n",
        "       [  7.64946434,   1.18653031,  -0.96511182,  17.46542855]]),\n",
        "   97.5: array([[ 36.99461701,  11.22843926,  -1.07494329,  19.45411237],\n",
        "       [ 11.22843926,  14.866677  ,  21.79152983,   9.11104419],\n",
        "       [ -1.07494329,  21.79152983,  73.33176288,   8.38017288],\n",
        "       [ 19.45411237,   9.11104419,   8.38017288,  27.04740022]])},\n",
        "  'standard deviation': array([[  8.45791476,   4.87507625,   8.2360348 ,   5.22651223],\n",
        "       [  4.87507625,   4.08440113,   5.74094176,   4.12752964],\n",
        "       [  8.2360348 ,   5.74094176,  15.5037442 ,   7.8994259 ],\n",
        "       [  5.22651223,   4.12752964,   7.8994259 ,   6.48516654]])},\n",
        " 'sigma_1': {'95% HPD interval': array([[[  0.93553902,   1.88446068],\n",
        "        [ -0.15350648,   2.8270619 ],\n",
        "        [ -1.19998471,   4.78129557],\n",
        "        [ -0.60616259,   2.84595793]],\n",
        "\n",
        "       [[ -0.15350648,   2.8270619 ],\n",
        "        [  0.71690849,  16.58212362],\n",
        "        [ -0.32408796,  30.14509766],\n",
        "        [ -0.15379886,   9.40853306]],\n",
        "\n",
        "       [[ -1.19998471,   4.78129557],\n",
        "        [ -0.32408796,  30.14509766],\n",
        "        [  0.89106895,  63.94196302],\n",
        "        [  0.4658745 ,  18.86057788]],\n",
        "\n",
        "       [[ -0.60616259,   2.84595793],\n",
        "        [ -0.15379886,   9.40853306],\n",
        "        [  0.4658745 ,  18.86057788],\n",
        "        [  0.8024257 ,  11.06272283]]]),\n",
        "  'mc error': array([[ 0.02740169,  0.09060384,  0.1863665 ,  0.08222257],\n",
        "       [ 0.09060384,  0.6209129 ,  1.21626028,  0.39068344],\n",
        "       [ 0.1863665 ,  1.21626028,  2.41551138,  0.78726248],\n",
        "       [ 0.08222257,  0.39068344,  0.78726248,  0.36263197]]),\n",
        "  'mean': array([[  1.37589643,   0.94975003,   1.28230441,   0.79186997],\n",
        "       [  0.94975003,   6.64025352,  11.49088026,   4.4854509 ],\n",
        "       [  1.28230441,  11.49088026,  25.26562642,  10.4530541 ],\n",
        "       [  0.79186997,   4.4854509 ,  10.4530541 ,   5.95407101]]),\n",
        "  'n': 1800,\n",
        "  'quantiles': {2.5: array([[ 0.93965449, -1.18938021, -2.85877988, -0.87996709],\n",
        "       [-1.18938021,  0.83901988, -0.16098355, -0.074275  ],\n",
        "       [-2.85877988, -0.16098355,  0.81743477,  0.55036758],\n",
        "       [-0.87996709, -0.074275  ,  0.55036758,  0.94212062]]),\n",
        "   25: array([[ 1.14637351,  0.46463085,  0.16393041,  0.18044477],\n",
        "       [ 0.46463085,  1.13768842,  0.14927328,  0.2774818 ],\n",
        "       [ 0.16393041,  0.14927328,  1.26612711,  0.95249855],\n",
        "       [ 0.18044477,  0.2774818 ,  0.95249855,  1.40917816]]),\n",
        "   50: array([[  1.33143402,   0.7415974 ,   0.79960386,   0.74447863],\n",
        "       [  0.7415974 ,   4.5486153 ,   9.27959439,   5.95641434],\n",
        "       [  0.79960386,   9.27959439,  24.50397933,  15.77048283],\n",
        "       [  0.74447863,   5.95641434,  15.77048283,   6.66700684]]),\n",
        "   75: array([[  1.58874565,   1.44606874,   2.51142467,   1.37359319],\n",
        "       [  1.44606874,  14.5038283 ,  25.4256396 ,   8.55687404],\n",
        "       [  2.51142467,  25.4256396 ,  50.4166052 ,  18.02442905],\n",
        "       [  1.37359319,   8.55687404,  18.02442905,   8.3851973 ]]),\n",
        "   97.5: array([[  1.89375889,   2.8270619 ,   4.78129557,   2.64077738],\n",
        "       [  2.8270619 ,  17.24890375,  30.67670154,   9.55213254],\n",
        "       [  4.78129557,  30.67670154,  63.94196302,  19.04873743],\n",
        "       [  2.64077738,   9.55213254,  19.04873743,  12.52691713]])},\n",
        "  'standard deviation': array([[  0.28378121,   0.92395015,   1.89043562,   0.84340667],\n",
        "       [  0.92395015,   6.21341488,  12.16523886,   3.91071311],\n",
        "       [  1.89043562,  12.16523886,  24.15901863,   7.87486896],\n",
        "       [  0.84340667,   3.91071311,   7.87486896,   3.63316805]])},\n",
        " 'sigma_2': {'95% HPD interval': array([[[  42.72766878,  137.14071067],\n",
        "        [ -38.7295855 ,   -0.93959235],\n",
        "        [-192.11897302,  -64.1997867 ],\n",
        "        [   6.79560438,   64.54710793]],\n",
        "\n",
        "       [[ -38.7295855 ,   -0.93959235],\n",
        "        [  11.35402507,   44.25308397],\n",
        "        [  16.7775978 ,   81.97838762],\n",
        "        [ -29.96958781,    3.75010492]],\n",
        "\n",
        "       [[-192.11897302,  -64.1997867 ],\n",
        "        [  16.7775978 ,   81.97838762],\n",
        "        [ 143.56238046,  357.1182861 ],\n",
        "        [-105.75276345,  -15.9226392 ]],\n",
        "\n",
        "       [[   6.79560438,   64.54710793],\n",
        "        [ -29.96958781,    3.75010492],\n",
        "        [-105.75276345,  -15.9226392 ],\n",
        "        [  21.46328635,   79.31090658]]]),\n",
        "  'mc error': array([[ 2.36291578,  0.951206  ,  2.9634649 ,  1.30266277],\n",
        "       [ 0.951206  ,  0.80008233,  1.45383871,  0.72748273],\n",
        "       [ 2.9634649 ,  1.45383871,  4.7946078 ,  2.0616686 ],\n",
        "       [ 1.30266277,  0.72748273,  2.0616686 ,  1.41053495]]),\n",
        "  'mean': array([[  87.63213444,  -20.3798049 , -121.34401436,   38.13835376],\n",
        "       [ -20.3798049 ,   24.43614405,   49.92186074,  -15.17542474],\n",
        "       [-121.34401436,   49.92186074,  236.37364215,  -62.96788298],\n",
        "       [  38.13835376,  -15.17542474,  -62.96788298,   48.37766097]]),\n",
        "  'n': 1800,\n",
        "  'quantiles': {2.5: array([[  42.81830609,  -40.35840823, -188.44595293,    9.40479842],\n",
        "       [ -40.35840823,   11.36972211,   19.80379021,  -31.37480552],\n",
        "       [-188.44595293,   19.80379021,  143.91580661, -107.23536938],\n",
        "       [   9.40479842,  -31.37480552, -107.23536938,   25.0219413 ]]),\n",
        "   25: array([[  68.88034737,  -28.23490397, -141.66159131,   29.13647508],\n",
        "       [ -28.23490397,   17.86898496,   38.50019792,  -21.0878767 ],\n",
        "       [-141.66159131,   38.50019792,  200.87039521,  -76.72878981],\n",
        "       [  29.13647508,  -21.0878767 ,  -76.72878981,   36.72240525]]),\n",
        "   50: array([[  87.62242065,  -20.4115701 , -121.91105235,   36.97227071],\n",
        "       [ -20.4115701 ,   22.73180944,   49.46409292,  -14.94034267],\n",
        "       [-121.91105235,   49.46409292,  229.04454006,  -62.65826601],\n",
        "       [  36.97227071,  -14.94034267,  -62.65826601,   47.42913919]]),\n",
        "   75: array([[ 105.93288866,  -12.44304285,  -99.80077536,   48.45819286],\n",
        "       [ -12.44304285,   29.90225806,   61.4310973 ,   -9.53012057],\n",
        "       [ -99.80077536,   61.4310973 ,  268.82898188,  -49.15622638],\n",
        "       [  48.45819286,   -9.53012057,  -49.15622638,   56.07510158]]),\n",
        "   97.5: array([[ 137.71723456,   -1.12157757,  -59.40478859,   68.49616447],\n",
        "       [  -1.12157757,   44.37977387,   85.50687089,    3.75010492],\n",
        "       [ -59.40478859,   85.50687089,  359.45478032,  -17.09713433],\n",
        "       [  68.49616447,    3.75010492,  -17.09713433,   86.05630733]])},\n",
        "  'standard deviation': array([[ 25.76414355,  10.35478685,  32.2056408 ,  14.44193869],\n",
        "       [ 10.35478685,   8.74160564,  16.7142072 ,   8.65291907],\n",
        "       [ 32.2056408 ,  16.7142072 ,  52.46418196,  22.19103281],\n",
        "       [ 14.44193869,   8.65291907,  22.19103281,  16.31986091]])},\n",
        " 'sigma_3': {'95% HPD interval': array([[[  456.12549015,   528.80531388],\n",
        "        [ -301.50082963,  -217.58466007],\n",
        "        [-1120.783498  , -1026.84292567],\n",
        "        [  304.454903  ,   361.58007564]],\n",
        "\n",
        "       [[ -301.50082963,  -217.58466007],\n",
        "        [  135.95670721,   238.34541129],\n",
        "        [  475.62490806,   685.04132569],\n",
        "        [ -187.14492419,  -130.39636918]],\n",
        "\n",
        "       [[-1120.783498  , -1026.84292567],\n",
        "        [  475.62490806,   685.04132569],\n",
        "        [ 2253.05096128,  2585.23046215],\n",
        "        [ -745.93528582,  -669.06717139]],\n",
        "\n",
        "       [[  304.454903  ,   361.58007564],\n",
        "        [ -187.14492419,  -130.39636918],\n",
        "        [ -745.93528582,  -669.06717139],\n",
        "        [  200.7498894 ,   259.2607064 ]]]),\n",
        "  'mc error': array([[  1.61013979,   2.10873242,   2.6297557 ,   1.53230322],\n",
        "       [  2.10873242,   2.54858662,   5.3535009 ,   1.40928561],\n",
        "       [  2.6297557 ,   5.3535009 ,  10.10196068,   1.98386224],\n",
        "       [  1.53230322,   1.40928561,   1.98386224,   1.61921919]]),\n",
        "  'mean': array([[  490.13916687,  -248.49910999, -1066.40137303,   331.00990152],\n",
        "       [ -248.49910999,   204.01518722,   564.35900992,  -154.47873358],\n",
        "       [-1066.40137303,   564.35900992,  2399.02767219,  -704.03441158],\n",
        "       [  331.00990152,  -154.47873358,  -704.03441158,   230.78804678]]),\n",
        "  'n': 1800,\n",
        "  'quantiles': {2.5: array([[  454.73802543,  -300.43179765, -1121.75859993,   302.64946367],\n",
        "       [ -300.43179765,   138.73833732,   478.53172446,  -187.93402927],\n",
        "       [-1121.75859993,   478.53172446,  2253.05096128,  -751.88720292],\n",
        "       [  302.64946367,  -187.93402927,  -751.88720292,   200.86605574]]),\n",
        "   25: array([[  479.77916751,  -254.05205565, -1083.90451871,   317.75111475],\n",
        "       [ -254.05205565,   195.09288909,   530.08327786,  -160.51908646],\n",
        "       [-1083.90451871,   530.08327786,  2318.08174656,  -714.63487166],\n",
        "       [  317.75111475,  -160.51908646,  -714.63487166,   216.76903207]]),\n",
        "   50: array([[  489.23719792,  -241.302929  , -1065.28313911,   333.64073797],\n",
        "       [ -241.302929  ,   210.48595998,   562.80931397,  -150.39516099],\n",
        "       [-1065.28313911,   562.80931397,  2386.85364074,  -702.37775831],\n",
        "       [  333.64073797,  -150.39516099,  -702.37775831,   232.5147095 ]]),\n",
        "   75: array([[  498.52978135,  -236.12013306, -1043.31698506,   343.23761053],\n",
        "       [ -236.12013306,   221.07434065,   584.90729761,  -146.1906204 ],\n",
        "       [-1043.31698506,   584.90729761,  2468.98036604,  -688.24088003],\n",
        "       [  343.23761053,  -146.1906204 ,  -688.24088003,   246.43455336]]),\n",
        "   97.5: array([[  528.49456452,  -215.8922107 , -1027.41382132,   360.2970277 ],\n",
        "       [ -215.8922107 ,   241.65338509,   700.30414958,  -130.75131422],\n",
        "       [-1027.41382132,   700.30414958,  2602.08824475,  -672.49296129],\n",
        "       [  360.2970277 ,  -130.75131422,  -672.49296129,   259.72255972]])},\n",
        "  'standard deviation': array([[  16.98719191,   21.35530843,   27.46359594,   15.65268296],\n",
        "       [  21.35530843,   25.81948094,   54.65988307,   14.53136845],\n",
        "       [  27.46359594,   54.65988307,  101.9388    ,   20.48411008],\n",
        "       [  15.65268296,   14.53136845,   20.48411008,   16.78068264]])},\n",
        " 'sigma_4': {'95% HPD interval': array([[[  2070.82444439,   2081.71077435],\n",
        "        [ -1159.59214554,  -1152.13107661],\n",
        "        [ -4649.69032771,  -4633.64879957],\n",
        "        [  1395.46929112,   1402.33984288]],\n",
        "\n",
        "       [[ -1159.59214554,  -1152.13107661],\n",
        "        [   891.96487905,    902.85788012],\n",
        "        [  2925.56132828,   2947.10178677],\n",
        "        [  -675.23504811,   -664.00291148]],\n",
        "\n",
        "       [[ -4649.69032771,  -4633.64879957],\n",
        "        [  2925.56132828,   2947.10178677],\n",
        "        [ 10847.00937585,  10900.25179977],\n",
        "        [ -2980.56161579,  -2972.01049354]],\n",
        "\n",
        "       [[  1395.46929112,   1402.33984288],\n",
        "        [  -675.23504811,   -664.00291148],\n",
        "        [ -2980.56161579,  -2972.01049354],\n",
        "        [   983.60690399,    996.57484017]]]),\n",
        "  'mc error': array([[ 0.29241295,  0.18060398,  0.44005124,  0.18560162],\n",
        "       [ 0.18060398,  0.33773898,  0.50696383,  0.28853436],\n",
        "       [ 0.44005124,  0.50696383,  1.81949192,  0.18193057],\n",
        "       [ 0.18560162,  0.28853436,  0.18193057,  0.34873592]]),\n",
        "  'mean': array([[  2075.17516795,  -1156.50368733,  -4643.63446167,   1397.99171104],\n",
        "       [ -1156.50368733,    896.49281236,   2936.9088656 ,   -669.52008485],\n",
        "       [ -4643.63446167,   2936.9088656 ,  10876.63674713,  -2976.73638339],\n",
        "       [  1397.99171104,   -669.52008485,  -2976.73638339,    991.28044758]]),\n",
        "  'n': 1800,\n",
        "  'quantiles': {2.5: array([[  2071.09512538,  -1159.71192385,  -4649.24241397,   1394.89635874],\n",
        "       [ -1159.71192385,    892.08164817,   2920.17273176,   -674.35988377],\n",
        "       [ -4649.24241397,   2920.17273176,  10844.90993944,  -2981.48977089],\n",
        "       [  1394.89635874,   -674.35988377,  -2981.48977089,    983.19641949]]),\n",
        "   25: array([[  2073.36567686,  -1158.08737528,  -4646.30828187,   1396.86757815],\n",
        "       [ -1158.08737528,    894.02210918,   2935.79549827,   -671.46766873],\n",
        "       [ -4646.30828187,   2935.79549827,  10855.74186793,  -2977.20425654],\n",
        "       [  1396.86757815,   -671.46766873,  -2977.20425654,    989.86734307]]),\n",
        "   50: array([[  2073.8887952 ,  -1156.25904086,  -4645.46203918,   1397.24459867],\n",
        "       [ -1156.25904086,    894.67184235,   2936.90098443,   -668.97595738],\n",
        "       [ -4645.46203918,   2936.90098443,  10884.81695292,  -2976.8198114 ],\n",
        "       [  1397.24459867,   -668.97595738,  -2976.8198114 ,    992.38349918]]),\n",
        "   75: array([[  2077.11809849,  -1155.37156736,  -4642.25517974,   1399.68914513],\n",
        "       [ -1155.37156736,    899.39271438,   2939.46408948,   -668.76570725],\n",
        "       [ -4642.25517974,   2939.46408948,  10891.22562916,  -2976.01536737],\n",
        "       [  1399.68914513,   -668.76570725,  -2976.01536737,    993.18403029]]),\n",
        "   97.5: array([[  2082.14991349,  -1152.1729893 ,  -4632.15861537,   1402.04025195],\n",
        "       [ -1152.1729893 ,    903.29862927,   2945.28119197,   -661.40805505],\n",
        "       [ -4632.15861537,   2945.28119197,  10899.39964063,  -2972.51939065],\n",
        "       [  1402.04025195,   -661.40805505,  -2972.51939065,    996.2212808 ]])},\n",
        "  'standard deviation': array([[  2.96298451,   1.8448327 ,   4.49589956,   1.88029485],\n",
        "       [  1.8448327 ,   3.39926116,   5.12732657,   2.91560996],\n",
        "       [  4.49589956,   5.12732657,  18.24421754,   1.86724524],\n",
        "       [  1.88029485,   2.91560996,   1.86724524,   3.51470645]])},\n",
        " 'sigma_5': {'95% HPD interval': array([[[ 1477.90845523,  1528.95113438],\n",
        "        [-1043.75822078,  -995.82898957],\n",
        "        [-3379.76091116, -3314.69005874],\n",
        "        [  909.9800311 ,   930.81286408]],\n",
        "\n",
        "       [[-1043.75822078,  -995.82898957],\n",
        "        [ 1094.79955743,  1118.44176454],\n",
        "        [ 2037.49010896,  2197.97121388],\n",
        "        [ -607.45335814,  -576.70206171]],\n",
        "\n",
        "       [[-3379.76091116, -3314.69005874],\n",
        "        [ 2037.49010896,  2197.97121388],\n",
        "        [ 7453.86943138,  7518.87560407],\n",
        "        [-2071.57505728, -2045.4463021 ]],\n",
        "\n",
        "       [[  909.9800311 ,   930.81286408],\n",
        "        [ -607.45335814,  -576.70206171],\n",
        "        [-2071.57505728, -2045.4463021 ],\n",
        "        [  560.69026595,   576.44753791]]]),\n",
        "  'mc error': array([[ 1.76593611,  1.69391537,  2.13381759,  0.71619732],\n",
        "       [ 1.69391537,  0.76170261,  4.51553541,  0.95872642],\n",
        "       [ 2.13381759,  4.51553541,  1.60827099,  0.84984507],\n",
        "       [ 0.71619732,  0.95872642,  0.84984507,  0.48966097]]),\n",
        "  'mean': array([[ 1498.57294352, -1014.46918216, -3336.85436757,   918.867619  ],\n",
        "       [-1014.46918216,  1107.57497141,  2105.1450894 ,  -594.33826507],\n",
        "       [-3336.85436757,  2105.1450894 ,  7496.65720466, -2056.69566612],\n",
        "       [  918.867619  ,  -594.33826507, -2056.69566612,   567.03039452]]),\n",
        "  'n': 1800,\n",
        "  'quantiles': {2.5: array([[ 1478.29440151, -1044.84658482, -3387.32188887,   910.36384627],\n",
        "       [-1044.84658482,  1095.32478229,  2041.11492059,  -606.88957485],\n",
        "       [-3387.32188887,  2041.11492059,  7456.20478643, -2072.48355309],\n",
        "       [  910.36384627,  -606.88957485, -2072.48355309,   561.37742735]]),\n",
        "   25: array([[ 1479.66509626, -1032.63142988, -3350.36163542,   910.92932068],\n",
        "       [-1032.63142988,  1100.19913566,  2079.67388301,  -602.49000989],\n",
        "       [-3350.36163542,  2079.67388301,  7489.99069154, -2064.64658348],\n",
        "       [  910.92932068,  -602.49000989, -2064.64658348,   562.45001123]]),\n",
        "   50: array([[ 1496.56728304, -1003.61093444, -3330.09058841,   919.29296254],\n",
        "       [-1003.61093444,  1111.88492553,  2090.37959431,  -597.60544646],\n",
        "       [-3330.09058841,  2090.37959431,  7502.75501962, -2053.39037368],\n",
        "       [  919.29296254,  -597.60544646, -2053.39037368,   566.7407967 ]]),\n",
        "   75: array([[ 1512.52363388, -1000.66167658, -3319.425597  ,   924.8370352 ],\n",
        "       [-1000.66167658,  1114.15763964,  2132.47800241,  -585.44446525],\n",
        "       [-3319.425597  ,  2132.47800241,  7505.69757438, -2049.26388792],\n",
        "       [  924.8370352 ,  -585.44446525, -2049.26388792,   570.66542085]]),\n",
        "   97.5: array([[ 1530.54304066,  -996.15385685, -3314.69005874,   931.79492795],\n",
        "       [ -996.15385685,  1119.17947392,  2216.80505284,  -575.03034288],\n",
        "       [-3314.69005874,  2216.80505284,  7521.41135276, -2045.71824197],\n",
        "       [  931.79492795,  -575.03034288, -2045.71824197,   578.0721764 ]])},\n",
        "  'standard deviation': array([[ 17.69612851,  16.9841943 ,  21.40363577,   7.18475259],\n",
        "       [ 16.9841943 ,   7.69849505,  45.30046254,   9.63175126],\n",
        "       [ 21.40363577,  45.30046254,  16.40670309,   8.5405133 ],\n",
        "       [  7.18475259,   9.63175126,   8.5405133 ,   4.92552418]])},\n",
        " 'sigma_6': {'95% HPD interval': array([[[ 255.77109817,  573.51792355],\n",
        "        [-149.12017552,  -61.81154389],\n",
        "        [-630.32735337, -293.67516119],\n",
        "        [ 102.97140636,  243.25749168]],\n",
        "\n",
        "       [[-149.12017552,  -61.81154389],\n",
        "        [  36.29335046,  105.63549426],\n",
        "        [ 118.99680034,  226.42286046],\n",
        "        [-137.83068557,  -42.4089218 ]],\n",
        "\n",
        "       [[-630.32735337, -293.67516119],\n",
        "        [ 118.99680034,  226.42286046],\n",
        "        [ 456.25764373,  861.09936521],\n",
        "        [-359.76863597, -163.59608054]],\n",
        "\n",
        "       [[ 102.97140636,  243.25749168],\n",
        "        [-137.83068557,  -42.4089218 ],\n",
        "        [-359.76863597, -163.59608054],\n",
        "        [ 186.61061517,  376.90379467]]]),\n",
        "  'mc error': array([[ 9.00933833,  2.20897999,  9.04222382,  3.73680927],\n",
        "       [ 2.20897999,  1.94063187,  3.31541977,  2.81899611],\n",
        "       [ 9.04222382,  3.31541977,  9.08163049,  4.88550408],\n",
        "       [ 3.73680927,  2.81899611,  4.88550408,  5.91163589]]),\n",
        "  'mean': array([[ 448.45391721,  -93.86977909, -514.63796656,  169.28124518],\n",
        "       [ -93.86977909,   61.93764037,  163.524428  ,  -85.14469609],\n",
        "       [-514.63796656,  163.524428  ,  673.06954099, -257.74888759],\n",
        "       [ 169.28124518,  -85.14469609, -257.74888759,  273.75533095]]),\n",
        "  'n': 1800,\n",
        "  'quantiles': {2.5: array([[ 248.01120272, -144.81078835, -646.87836589,  100.26656899],\n",
        "       [-144.81078835,   37.08219571,  119.10659058, -140.67900931],\n",
        "       [-646.87836589,  119.10659058,  456.64460389, -370.98193014],\n",
        "       [ 100.26656899, -140.67900931, -370.98193014,  189.82944323]]),\n",
        "   25: array([[ 399.07501553, -110.04699826, -572.75561862,  137.87768449],\n",
        "       [-110.04699826,   45.78739838,  137.37088942, -108.47489282],\n",
        "       [-572.75561862,  137.37088942,  634.70752501, -279.81927602],\n",
        "       [ 137.87768449, -108.47489282, -279.81927602,  217.9602736 ]]),\n",
        "   50: array([[ 473.63101307,  -87.88963399, -543.16759439,  168.70987946],\n",
        "       [ -87.88963399,   57.13591634,  149.40580259,  -75.60906464],\n",
        "       [-543.16759439,  149.40580259,  672.55496536, -255.52148939],\n",
        "       [ 168.70987946,  -75.60906464, -255.52148939,  281.85662872]]),\n",
        "   75: array([[ 520.4263764 ,  -80.78035674, -493.70476945,  202.7866953 ],\n",
        "       [ -80.78035674,   76.41035155,  193.21122129,  -63.24793123],\n",
        "       [-493.70476945,  193.21122129,  711.41895183, -228.01522013],\n",
        "       [ 202.7866953 ,  -63.24793123, -228.01522013,  319.61141474]]),\n",
        "   97.5: array([[ 568.73510068,  -52.73974003, -303.86812551,  241.10132834],\n",
        "       [ -52.73974003,  107.02825929,  227.58253742,  -42.4089218 ],\n",
        "       [-303.86812551,  227.58253742,  862.58642314, -163.59608054],\n",
        "       [ 241.10132834,  -42.4089218 , -163.59608054,  383.1680854 ]])},\n",
        "  'standard deviation': array([[ 90.75901617,  22.27642837,  90.8666939 ,  37.81630074],\n",
        "       [ 22.27642837,  19.62655099,  33.55399302,  28.59743037],\n",
        "       [ 90.8666939 ,  33.55399302,  91.82959672,  49.23159516],\n",
        "       [ 37.81630074,  28.59743037,  49.23159516,  59.4608174 ]])},\n",
        " 'sigma_7': {'95% HPD interval': array([[[ 3309.14433485,  3327.03761988],\n",
        "        [-1056.90824694, -1032.6168185 ],\n",
        "        [-4170.00772101, -4151.58278394],\n",
        "        [ 1717.59135454,  1730.28880949]],\n",
        "\n",
        "       [[-1056.90824694, -1032.6168185 ],\n",
        "        [  481.30539061,   491.67934328],\n",
        "        [ 1491.70331312,  1505.604678  ],\n",
        "        [-1040.42269699, -1029.59191545]],\n",
        "\n",
        "       [[-4170.00772101, -4151.58278394],\n",
        "        [ 1491.70331312,  1505.604678  ],\n",
        "        [ 5415.95450062,  5457.33690008],\n",
        "        [-2776.11307099, -2723.30016132]],\n",
        "\n",
        "       [[ 1717.59135454,  1730.28880949],\n",
        "        [-1040.42269699, -1029.59191545],\n",
        "        [-2776.11307099, -2723.30016132],\n",
        "        [ 2446.29504357,  2468.52452704]]]),\n",
        "  'mc error': array([[ 0.40038602,  0.88862598,  0.44913139,  0.29669337],\n",
        "       [ 0.88862598,  0.33047599,  0.39325387,  0.23572044],\n",
        "       [ 0.44913139,  0.39325387,  1.33905808,  1.97684605],\n",
        "       [ 0.29669337,  0.23572044,  1.97684605,  0.55507111]]),\n",
        "  'mean': array([[ 3315.45583005, -1043.06990927, -4157.80030328,  1723.49348169],\n",
        "       [-1043.06990927,   485.67268161,  1498.20618046, -1034.99152493],\n",
        "       [-4157.80030328,  1498.20618046,  5445.29366054, -2756.57441141],\n",
        "       [ 1723.49348169, -1034.99152493, -2756.57441141,  2456.99744489]]),\n",
        "  'n': 1800,\n",
        "  'quantiles': {2.5: array([[ 3307.62605348, -1057.27684586, -4169.99128767,  1718.42190364],\n",
        "       [-1057.27684586,   481.6511431 ,  1491.91709054, -1041.18144103],\n",
        "       [-4169.99128767,  1491.91709054,  5414.61856449, -2775.71829292],\n",
        "       [ 1718.42190364, -1041.18144103, -2775.71829292,  2447.92700491]]),\n",
        "   25: array([[ 3313.49812517, -1052.35129793, -4159.68041042,  1721.39010923],\n",
        "       [-1052.35129793,   483.32052803,  1495.55531533, -1036.18935203],\n",
        "       [-4159.68041042,  1495.55531533,  5433.74804219, -2774.60811114],\n",
        "       [ 1721.39010923, -1036.18935203, -2774.60811114,  2453.39475318]]),\n",
        "   50: array([[ 3314.29280913, -1036.43291263, -4156.21473071,  1723.36201371],\n",
        "       [-1036.43291263,   483.67270754,  1496.28026753, -1034.39981349],\n",
        "       [-4156.21473071,  1496.28026753,  5452.34892206, -2768.31778522],\n",
        "       [ 1723.36201371, -1034.39981349, -2768.31778522,  2456.80213588]]),\n",
        "   75: array([[ 3317.77335539, -1035.5882983 , -4155.49667623,  1724.26120286],\n",
        "       [-1035.5882983 ,   488.60492242,  1501.73478972, -1033.87054648],\n",
        "       [-4155.49667623,  1501.73478972,  5455.94247314, -2732.25287129],\n",
        "       [ 1724.26120286, -1033.87054648, -2732.25287129,  2459.58085822]]),\n",
        "   97.5: array([[ 3326.13956201, -1032.84424961, -4151.49539856,  1732.14767012],\n",
        "       [-1032.84424961,   492.66361459,  1505.95468826, -1030.2524712 ],\n",
        "       [-4151.49539856,  1505.95468826,  5456.84660242, -2722.71215924],\n",
        "       [ 1732.14767012, -1030.2524712 , -2722.71215924,  2472.73718088]])},\n",
        "  'standard deviation': array([[  4.17722484,   8.8972415 ,   4.57825295,   3.0967717 ],\n",
        "       [  8.8972415 ,   3.32556785,   3.97550336,   2.44202592],\n",
        "       [  4.57825295,   3.97550336,  13.46425031,  19.79109228],\n",
        "       [  3.0967717 ,   2.44202592,  19.79109228,   5.63387903]])},\n",
        " 'sigma_8': {'95% HPD interval': array([[[ 3257.42242474,  3411.08751838],\n",
        "        [ -366.42071172,  -338.1911968 ],\n",
        "        [-3575.92744541, -3475.01736332],\n",
        "        [  587.72302685,   652.0710732 ]],\n",
        "\n",
        "       [[ -366.42071172,  -338.1911968 ],\n",
        "        [  113.94535063,   118.4735127 ],\n",
        "        [  501.31688998,   513.99243953],\n",
        "        [ -388.26077297,  -278.86093753]],\n",
        "\n",
        "       [[-3575.92744541, -3475.01736332],\n",
        "        [  501.31688998,   513.99243953],\n",
        "        [ 3872.42915087,  3996.7539558 ],\n",
        "        [-1164.01725969, -1125.68396113]],\n",
        "\n",
        "       [[  587.72302685,   652.0710732 ],\n",
        "        [ -388.26077297,  -278.86093753],\n",
        "        [-1164.01725969, -1125.68396113],\n",
        "        [ 1406.77248089,  1472.26858797]]]),\n",
        "  'mc error': array([[ 4.16883261,  0.83886073,  2.17179019,  1.6919798 ],\n",
        "       [ 0.83886073,  0.14129033,  0.32502333,  3.17838684],\n",
        "       [ 2.17179019,  0.32502333,  3.63911635,  1.13742632],\n",
        "       [ 1.6919798 ,  3.17838684,  1.13742632,  1.86101335]]),\n",
        "  'mean': array([[ 3378.27412602,  -361.12617432, -3521.34701754,   597.07318531],\n",
        "       [ -361.12617432,   116.04537177,   509.38122568,  -369.90146095],\n",
        "       [-3521.34701754,   509.38122568,  3901.47417737, -1155.06571282],\n",
